2 2.646
2 2.815
4 2.979
3 4.312
2 7.980
2 8.149
4 8.312
1 9.481
2 9.646
4 9.978
3 10.312
2 10.484
1 10.645
2 10.831
2 13.312
2 13.481
4 13.645
3 14.979
2 18.646
2 18.815
4 18.978
4 19.645
3 19.814
1 20.148
2 20.312
3 20.646
2 20.915
3 20.979
2 21.148
3 21.233
4 21.312
3 21.481
-
2 21.646
2 21.979
2 22.148
2 22.312
1 22.646
2 22.815
2 23.148
2 23.481
2 23.646
1 23.979
-
2 24.312
2 24.646
2 24.815
2 24.979
1 25.312 
2 25.481
2 25.815
2 26.148
2 26.312
3 26.646
-
2 26.979
2 27.312
2 27.481
2 27.646
1 27.979
2 28.148
2 28.481
2 28.815
2 28.979
3 29.312
-
4 29.646
4 29.979
4 30.148
4 30.312
2 30.646
3 30.815
3 31.148
3 31.481
3 31.646
1 31.979
-
2 32.312
2 32.646
2 32.815
2 32.979
1 33.312 
2 33.481
2 33.815
2 34.148
2 34.312
2 34.646
-
2 34.979
2 35.312
2 35.481
2 35.646
1 35.979
2 36.148
2 36.481
2 36.815
2 36.979
2 37.312
-
2 37.646
2 37.979
2 38.148
2 38.312
1 38.646
2 38.815
2 39.148
2 39.481
2 39.646
2 39.979
-
2 40.312
2 40.646
2 40.815
2 40.979
1 41.312 
2 41.481
2 41.815
2 42.148
2 42.312
2 42.646
-
2 42.979
1 43.148
0 43.312
2 43.481
1 43.646
0 43.815
2 43.979
1 44.148
2 44.312
1 44.481
0 44.646
2 44.815
1 44.979
0 45.148
1 45.312
2 45.481
3 45.646
2 45.815
1 45.979
3 46.148
2 46.312
1 46.481
2 46.646
3 46.815
4 46.979
3 47.148
2 47.312
4 47.481
3 47.646
2 47.841
4 47.979
1 48.148
-
2 48.312
1 48.481
0 48.646
2 48.815
1 48.979
0 49.148
2 49.312
1 49.481
2 49.646
1 49.815
0 49.979
2 50.148
1 50.312
0 50.481
1 50.646
2 50.815
3 50.979
2 51.148
1 51.312
3 51.481
2 51.646
1 51.815
2 51.979
3 52.148
4 52.312
3 52.481
2 52.646
4 52.815
3 52.979
2 53.148
4 53.312
1 53.481
0 53.646
1 54.148
2 54.646
3 54.979
4 56.312
3 57.646
2 58.979
4 59.481
3 59.979
2 60.312
1 61.646
0 62.979
1 63.312
-
0 64.312
2 64.481
1 64.646
2 64.815
0 65.148
1 65.312
2 65.646
2 65.979
3 66.148
3 66.418
2 66.646
1 66.815
-
0 66.979
2 67.148
1 67.312 
2 67.481
0 67.814
1 67.979
2 68.312
2 68.646
4 68.815
4 69.148
3 69.312
-
0 69.646
2 69.815
1 69.979
2 70.148
0 70.481
1 70.646
2 70.979
2 71.312
3 71.481
3 71.815
2 71.979
1 72.148
-
0 72.312
2 72.481
1 72.646
2 72.815
0 73.148
1 73.312
2 73.646
2 73.979
4 74.148
4 74.481
3 74.646
0 74.979
0 75.148
0 75.481
0 75.815
0 76.148
1 76.312
1 76.418
1 76.815
1 77.148
1 77.418
2 77.646
2 77.815
2 78.148
2 78.418
2 78.815
3 78.979
3 79.148
3 79.418
3 79.815
3 80.148
0 80.312
0 80.481
0 80.815
0 81.148
0 81.481
1 81.646
1 81.815
1 82.148
1 82.481
1 82.815
0 82.979
0 83.148
0 83.481
0 83.815
0 84.148
4 84.312
4 84.481
3 84.815
2 85.148
1 85.312
2 85.646
2 86.979
2 88.312
2 89.646
-
0 90.979
2 91.090
1 91.201
3 91.312
2 91.397
1 91.481
3 91.564
2 91.646
1 91.731
3 91.815
2 91.897
3 92.090
2 92.201
0 92.312
2 92.423
1 92.534
3 92.646
2 92.731
1 92.815
3 92.897
2 92.979
1 93.064
4 93.148
1 93.230
2 93.312
4 93.397
1 93.481
2 93.564
-
0 93.646 
2 93.757
1 93.868
3 93.979
2 94.064 
4 94.148
3 94.230
2 94.312
3 94.397
2 94.481
1 94.564
3 94.646
2 94.731
4 94.815
3 94.897
3 94.979
4 95.064
2 95.148
3 95.230
1 95.312
2 95.397
0 95.481
1 95.564
2 95.646
0 95.731
1 95.815
2 95.897
0 95.979
1 96.064 
2 96.148
0 96.230
-
1 96.312
2 96.481
1 96.564
3 96.646
2 96.731
1 96.815
3 96.897
2 96.979
1 97.064
3 97.148
2 97.230
3 97.423
2 97.534
0 97.646
2 97.757
1 97.868
3 97.979
2 98.064
1 98.148
3 98.230
2 98.312
1 98.397
4 98.481
1 98.564
2 98.646
4 98.731
1 98.815 
2 98.897
-
0 98.979 
2 99.090
1 99.201
3 99.312
2 99.397
4 99.481
3 99.564
2 99.646
3 99.731
2 99.815
1 99.897
3 99.979
2 100.064
4 100.148
3 100.230
3 100.312
4 100.397
2 100.481
4 100.564
1 100.646
3 100.731
4 100.815
1 100.897
3 100.979
4 101.064
0 101.148
3 101.230
2 101.312
3 101.397
1 101.481
4 101.564
-
0 101.646
2 101.757
1 101.868
3 101.979
2 102.064
1 102.148
3 102.230
2 102.312
1 102.397
3 102.481
2 102.564
3 102.757
2 102.868
0 102.979
2 103.090
1 103.201
3 103.312
2 103.397
1 103.481
3 103.564
2 103.646
1 103.731
4 103.815
1 103.897
2 103.979
4 104.064
1 104.148
2 104.230
-
0 104.312
2 104.423
1 104.534
3 104.646
2 104.731
4 104.815
3 104.897
2 104.979
3 105.064
2 105.148
1 105.230
3 105.312
2 105.397
4 105.418
3 105.564
3 105.646
4 105.731
2 105.815
3 105.897
1 105.979
2 106.064
0 106.148
1 106.230
2 106.312
0 106.397
1 106.481
2 106.564
0 106.646
1 106.731
2 106.815
0 106.897
-
1 106.979
2 107.090
1 107.201
3 107.312
2 107.397
1 107.418
3 107.564
2 107.646
1 107.731
3 107.815
2 107.897
3 108.090
2 108.201
0 108.312
2 108.423
1 108.534
3 108.646
2 108.731
1 108.815
3 108.897
2 108.979
1 109.064
4 109.148
1 109.230
2 109.312
4 109.397
1 109.418
2 109.564
-
0 109.646
2 109.757
1 109.868
3 109.979
2 110.064
4 110.148
3 110.230
2 110.312
3 110.397
2 110.481
1 110.564
3 110.646
2 110.731
4 110.815
3 110.897
3 110.979
4 111.064
2 111.148
4 111.230
1 111.312
3 111.397
4 111.481
1 111.564
3 111.646
4 111.731
0 111.815
3 111.897
2 111.979
3 112.064
1 112.148
4 112.230
-
2 112.312
1 112.418
0 112.646
2 112.815
1 112.979
0 113.148
2 113.312
1 113.418
2 113.646
1 113.815
0 113.979
2 114.148
1 114.312
0 114.481
1 114.646
2 114.815
3 114.979
2 115.148
1 115.312
3 115.481
2 115.646
1 115.815
2 115.979
3 116.148
4 116.312
3 116.481
2 116.646
4 116.815
3 116.979
2 117.148
4 117.312
1 117.481
-
2 117.646
1 117.815
0 117.979
2 118.148
1 118.312
0 118.481
2 118.646
1 118.815
2 118.979
1 119.148
0 119.312
2 119.481
1 119.646
0 119.815
1 119.979
2 120.148
3 120.312
2 120.481
1 120.646
3 120.815
2 120.979
1 121.148
2 121.312
3 121.418
4 121.646
3 121.815
2 121.979
4 122.148
3 122.312
2 122.481
4 122.646
1 122.815
-
2 122.979
1 123.312
2 123.418
0 123.979
2 124.312
1 124.646
2 124.815
0 125.312
3 125.646
2 125.979
3 126.148
0 126.646
2 126.979
1 127.312
2 127.418
0 127.979
-
2 128.312
1 128.646
2 128.815
0 129.312
2 129.646
1 129.979
2 130.148
0 130.646
3 130.979
2 131.312
3 131.481
0 131.979
2 132.312
1 132.646
2 132.815
0 133.312
-
0 133.646
1 134.148
2 134.646
3 134.979
4 136.312
3 137.646
2 138.979
4 139.481
3 139.979
2 140.312
1 141.646
0 142.979
1 143.312
-
0 144.646
0 145.148
0 145.148
0 145.646
0 145.979
1 146.312
1 146.979
2 147.148
2 147.646
2 147.979
2 148.148
2 148.312
1 148.646
0 149.312
1 149.646
1 149.979
1 150.148
1 150.312
0 150.815
2 150.979
2 151.312
2 151.418
2 151.646
0 152.148
3 152.312
3 152.646
3 152.815
3 152.979
0 153.481
4 153.646
4 153.815
3 154.148
2 152.481